---
githubHandle: 6edavila
latitude: 42.736979
longitude: -84222333.483865
---
